wss ⁸

Aemlffi.v
205sq.255‚22.461,33
209 332,21
21636.296,24
222 287,2
226 366,31
237 461,4
240 320,26
26036.140,6
263 304,12
263 302,18
267 646,26
270 388,27
28836.432,20
291 261,14
316 336,4
32030.624,7
324 29,12

267,48

416,2
33136.182,9
mnsp5mss1
387 261,26.314,30
· 402εᾳ.302,32
406 339,9
415sq.238‚31
418 404,22
42236.300,6
424 207,16
426 272,40
432 207,27
438 296,20
44336.297,29
446 261,7
464 241,14
466 416,17
467 260,41
468 236,33
48636.320,32
489 386,22
407 413,30
mmff2fflfl
620 260,3
623 280,38
626 240, 14
633 396,31
63736.302,20
664 364,14
66630.420,22.464,17
67136.32,18
67636,413,36
69236.331,11
642 386,28
64236.327,18
673 326,10
600 411,36
m 2Qffl
730 289,24
7ssvsqq.307‚34
801sq.344‚27
822 40,12

” 296

INDEX AVCTORVM.

Aen. lib. V

830 241,21
848 230,10
871 364,26
Αευ.66 Vl
3m4fflss
13 381,10
19 323,8
30 449,8
33sqq.333‚1
44 380,1
6636.278,36
70 426,17
7436.46,16
8136.461,14
83 287,6
09 319,3
106 372,16
10636.627,18
107 191,26
114 492,18
120 313,26
138 280,18
14936.461,22
163 370,3
Π3 Ὴ834
1733ᾳ.437,6

, ω6360

194sq.251‚1ss
201sq.14‚8

202 334,18

204 246,26
ῊΜ6Ὴ3Π

219 110,24

226 646,1

220 261,36

236 243,17
239sqq.14,11
2705q.345,28

276 340,16.411,10
201 360,31
292εη.419,23.466,12
303,16

306
314
326
332
333
362
379

ΜΛ

466

affl

366

303

136

336363
mss

mmsswm

m 366

m 2ffiw

fflmAQffl

4nmssstw

w 2Qu

m 3ffi4

wvmzmffmm

m 4Qffl

m 366

Aen. lib. VI
479 860,22
484 397,21
403 318,36
642 326,22
64240.229,21
298,12
242,6
406,19
667 261,33. 401,18
669 284,11. 370,1
Bw &2ss
577sq.229‚24
587sq.254,32
606 243,3
60036.382,17
60436.204,18
600 372,18
620 180,4
661 267,7. 440,6
662 371,33
Μηλπη
687 419,27
690 283,27
721 421,22
726 432,23
72636.446,12
76436.333,6
760 363,13.446,26
816εᾳ.328,6
836 373,22
846 262,32
ὢ3 Ὴο26
871 361,31
87636.242,33
89336.316,22
Aen.hb.vn
26 640,20
2736.368,13
40 417,24
6036.303,36.466,31
62 387,31
60 349,17
71 ωῶ2η6
440,8
10036.62,17
ΙΠἫΑΜΛ
131 318,3
147 646,26. cfi
(mum.
378,38. cfi
comnu
walkaffiss
316,30, 664,7
243,24
208 303,4
227 378,1
228 203,23
22936.326,28. 333,4
247 307,23
260 169,30

646
660
662

172
179
188
190

 

