388 INDEX AVCTORVM.

lib. 1111 Adelphis Andria
3143 11,1,1 313 1,3,13 3323
313, 32 3 431121 11,1,2 323, 2. es.
431, 31 13 236,11 0055.
4⁸23‚8 15 367‚25 13 36³,29
42213 11 4333 212 41211
449,3 20 4558 ‘28 4852
4451 42 388,10 3ss 24213
419,15 22 23221 3, 23 43311
411, 23 3,1ο 333, 23 23 431113
4233 111, 2, 11 31231 4,3 33111
3143 21 33121 11123 43413
616,ἳῖ 37 341³‚25 ’1 393‚21
32214 3, 12112228 3,1 3241
33413 411 3133 2 231, 32
534, 26 79341. 3721 34 211³‚22
556,29 540 ⁸284‚20 1111,1, 3811. 256, 13
333, 3. cf. comm. 43 41221333 212 232, 4ο
555⁷ cs. comm. 24 7310
33311 111114 33113 14214 232, 22
461113 213 211313 = 11 433, 24
556,1‘1 39 190, 10 54 32214
1131 43 2341134. 3113311112
331 43,3 33 42313
111111 11,4,1 399,11 5, 3⁵11· 311, 33
93, 23 4,17.1ι1114”11.481,22. Eunucho(interdum‘1u-
1681101· comm· 43112311. comm. nuco’‚ ‘enueh0’‚ ‘enn-
131,28. 2134111121. 4, 22. 111 1111148122. 1:0³)
485,27 498, 26. cs. comm. prol. lsq. 31112
lib. VIIII 9, 28 313, 20. 1,1, 2511. 21133
33211 42314 4 31111
1111101111 Andria 2, 41 234,1
43310, cs. comm. prol. 8 311, 15 , 53 sq. 333, 43
3111113. 3111113111, 15 3211 11, 1, 23 33331
pg. 319 sq. 22311.119,15 2, 31111. 2111, 31.
Pullis Ι ‘27 2111140222 33118. 3⁸21, 11
1223 1,1,1 33114 323 41313
139, 27 12 311, 211. 3ss 235‚35
1113, 20 366, 11 62 sq. 32, 23
13 23213 ’11 21212

Ψ 22 213, 23 113 214, 23

1311231113. in libris 32 21123 111,1, 1 32111. cf.
aliquando‘terrenbius’.- 41 213, 22 comm.
compendia‘ter',‘terent'; 42311. 493, 23 911141. 223, 11.
quae saepius vidontur 47111.512,1 313, 11
fuisse in archetypa - 55 31'1'‚3.f› ‘25 304,ss
rarius citatae Terentii 75 2110,9 37 331,22
fabulae 11 cap. V, 1131111- 93311. 333, 111 2, 23 36111
tontimorumenos num· 105 433, 11 11,2 382, 33
quam300ntrasrequenter 1141 334, 23 111 32, 21
admodum in IV.—c011- 114 331131 1111,1,2 1121123
ferenda quae dicta 113 134 sq. 443, 31 14 3119, 21
earum usuAdvers.N011. 138111. 375111. cs. 3, 3 32, 32
1111. 289. comm. 4, 1211. 234114
Adelphis (adelfis) 139111. 373, 26 3 413, 25
1, 1,2 23213 1121333313 1351. 2333
5 59‚12.453‚9 21343, 31313 43312
23 2113, 19 28 21123 111311. 23313
411 33311 3313231113 11 33411
33 24313 314 233, 24 3111 1333
2, 1133333 13 3113, 21 113 314

 

