z'itryone

INDEX avc'rossvn.

Asinaria

‚aa 433 Π3333ω8

w 438

20831. 183, 10 ”

33 334, 13
3, 23 sq. 88, 22
,2, 13 43, 13
, 1, 10 227, 14
13 aq. 332, 23
30 304, 23Ι
33 191, 21
73 388, 12.
ι 430, 17
nana
1, laq. 393, 23
7 331, 10
48 373, 12
30 213, 24
38 283, 23
31 434, 7
32 301, 10
33 83, 3

aa mm4

3 ma
38433
m 83
an 33
am 33

33833ω8

373,21
1483 131, 20
3333
33 470,7
2,3 232,3
3 144, 24. cs.

comm.

3 mm
3 mma
3 mu
3 mm
m 41

33833

888333 maa 833

1311333.

3333 ·

83 471, 32
93 478, 28
110 434,10
2, 7 133,18
13 483,3
23 478, 30. cf.
comm.
3, 3aq. 344,3
3 308,2
3 247,13.
233, 14. 381, 37
7 24, 26
20 3, 29. 329,1
22 309,12.
493,8
usq. 73, 27
34 43,19
09 aq. 180,14
94 293,7
93 43318
1,10 332, 24
14 414, 21
13 414, 23
18 143,1
2, 3 472,11
8 72,18,271,1
13 143,4
18 72,13
20 112,17
23 412, 24
23 23213
32 230,13
38 330, 27
41 3,4
33 227,19
34 109,3

333ω4
3 834
ma
3 433
mm
3 33
u 433
3 833
3 833

337 ma

12 aq. 13, 23
17 33313
42 4, 20
Η338
32 313,1
30 137, 27
32 22, 23
78 (38144) 233,7
848333
comm.
87 128, 23
3 ma

Astraba

34
31
ma

Aulularia

33
ma
33
332, 42. cf. comm.
33

prol. 33]. 230,17

3 318, 9
13 273,11
13 aq. 339, 29
13 aq. 320, 17
18 aq. 128, 23

aaa

ml

Aulularia
prol. 21 aq. 373, 8
Las 38

3 381,12.
39318
10 113,3
11 73,3
14 aq. 330,3
33 217, 28,
2, 1 434, 24
3 483, 21
3 12313
17 343,17
30 43,3
38 47317.
479, 21
278,18
43 304, 28
2,14 43,13.
340, 23
22 329,3
33 434, 29
38 434, 27
37 139, 32
30 240,12
32 433, 32
37 49318
88 aq. 300, 37
3, 1 44,11
9 217, 30
4, 22 134,3
24 (vel 23) 234, 12
23 207, 23
33 aq. 131, 32.
273,30
38 309,3
43, 309,7
3,10 134, 13.
374,10
3, 0 3,3
7, 383 400,7
8, 383 493, 28
9, 1839311
17, 28
5aq. 330, 23
8 323,1

338 33

7833
aa 83
mama
33
48 ww
Μ8833
mm
488333
comm.
3 wa
3 ma
3 ma
3 ma
3 mm

 

