Aemlffi.vfl
266 370,34
27266.469,13
273 368,10
29366, 226,29.303,32.

466,27
303 260,3
3056q.269‚25
321 217,26
326 438,22. 64
22466
331 361,22
33366.242,10
33766.364,11
368 366,2
403 390,26
417 204,26
466 316,28
470 419,29
489 69,27
307,23
490 69,26
600 398,11
bfflmssQT
5096q.265,11
6136qq.377‚16
5416q.324‚23
644 418,29
664 621,17
66366.361,33
69666.349,26
60166.377,4
609 231,11
61866.304,19
627 400,26
630 391,12
68666.663,18
713 181,12.390,18
7306ᾳ.664,3
732 666,6
73666.263,24
742 199,30
767 287,19
Aemlffi.vu1
lsq.297,26
9 348,12
966.366,19
22 449,16
3366.641,12
66 284,9
626q.403,11
686q.397‚18
76 320,10
88 343,6
90 386,6
94 112,14
96 247,2
100 30,32
10266.320,14
118 243,22.391,21
119 367,1

INDEX AVCTORVM.

6666. lib. VIII

123 403,22

14366.412,36

16066.402,26

16266.336,41

16466.239,23

166 602,4

167666.377,21

168 206,13

182 416,23

19666.391,7

200 246,7

231 336,26

2436η.41,11

246 408,8

261 291,36

278 646,14

289 291,42

302 290,12

311 263,13

318 230,6

326 432,12

334 626,20

34966.379,16

36266.403,29

363 268,19

364 442,28. cfi
comum

388 262,23

396 237,22.366,24

403 233,41

40666.366,28

416 346,27

42066.21,13.624,2

42766.288,27

438 418,31

439 422,16

44166.419,19

44966.239,32

463 631,26

436 267,36

627 329,23

62866.31,16

6606q.381‚39

6646q.319‚7

5626q.315,12

636 236,9

696 272,19

m4 Ἡ26.Ὴ416

sswmdm9

63166.316‚17

03lsqq.423,l9

632sq.343,34

6336q.308‚17. cfi
comum

638 300,16

64266,266,26.284,22

646 231,13

64666.300,20

661 363,20

663 623,6

Aen. lib. 6111
666 4664
666 636, 26
661 sq. 6666
681 26631

Mfflfflfflss

2sq.442,26
4 404,20
4066.372,4
44 268,16
666η.311,38
676ᾳ.237,38
6366.304,0
10266.404,4
114 408,12
12466.461,27
128 367,8
13666.409,3
1386q.408‚16
166 2,11
164 413,34. cfi
annm.
166 326,7
16966.294,1
176 , 413,34. cfi
eomn6
186 323,30
188 310,20
1966q.401,39
2026q.385‚18
2036q.316,32
222 413,34. cfi
comn6
229 339,3
233 324,2
244 369,26
,246 230,4. 276,30
26366.244,8
27066.293,23
288 333,31
29166.442,21
294 402,32
312 343,36
323 417,16
324 366,16
324666.391,17
32666.642,12
330 366,27
33766.244,14.377,12
344 403,41
34766,383,32
368 229,6
36966.664,16
367 296,17
379 290,22
37366.468,18
402 246,27
412 414,13
414 263,10
4146q.311‚10
418 408,6

 

