3.lib.lIL
964,16
419.15
ῃῶᾸΜ
376,19
33.61,7.331,90
367,3
33.469,31
33.966,8
338,16
811,33
33.311,93
sq.353,38
408,14
446,97
33.439,8
396,91
aq.352,37
sq.159,33
333, 33
396,14
379,98
399,14
33.41,14
33.366,4
994,80
33,16.460,6
957,93
909,8
349,3
87,6
319,96
sq.233,43
sq.347,24
367,10
939,33
30,10
986,5
199,11
944,4
33,987,19
397,99
33,968,36
33.387,10
816,19
33.348,97. 419,4
390,3
460,3. 168,36
330,96. 449,94
333, 34
1q.262,1
310,9. 453,93
963,11
38,99
646,17
987,49
169, ὁ. cs. comm.
387,91
367,96
360,18
411,17

lNDEX AVCTORVM.

Georglffi.ssss.

390 963,9

406 964,93. 411,40

419 938,38

41633.946,99

443 333, 33

433 sq. 313, 33

433 3333

433 3333

433 sq. 333, 34

444 334, 33

4451q.233,13 .

433 333, 44

46833.387,44

433 sq. 333,3

433 4433

433 333, 44

433 333, 34

60733.696,6

34333. 333, 43

613 988,3

314sq.123,33

333 4333

334 sq. 433, 10

343 311, 33

Aeneidos (‘3en’, ‘aend',

‘aeneid’. -— ‘aeneidis'

fixumqumnlcficomm.

in 96Ά 3

hb.1

4 333, 43

43 3343

43 4333

44 3343

18 311.90

251q.300,15

33 313, 33

9633.368,10

33 333, 43

33 sq. 433, 43
3334

33 333, 33

44 433, 33

43 334, 33
344, 4. 3434

·. 443,3
3οῠ,10
460,90
309,35
4334
343, 3. 333, 43

33. 4333344343

34 sq. 334, 43

33 333, 43

33 333, 33

841q.330,15

90 348,8

33 344, 3

9633.361,7

33 333,13

110 903,9. 469,96

Eb.I

mfflstmffl

135 967,9

137 348,49

13833.388,94

146 336,18

146 936,13.946,39

161 314,4

16733.958,90. cfi
comm. 367, 6

16733.466,99

1351q.313,1

1901q.313‚10

wmspmzffl

196 644,19

199 370,7

2011q.333,33

202sq.348‚l9

2041q.382,17.410,33

907 986,11

911 414,6

916 498,99

999 (vel 510) 306, 94

997 397,99

931 948,33

937 418,35

949 967,7

33osqq.363‚23

961 697,91

909 39,9

966 400,98

97333.313,40

980 310,95

989 981,19

98933.357,34

999 86,93. 313,99

30933.368,1

30633.994,6. 440,99

3081q.258,17. 978,9

309 990,99

314 407,6

31033.307,96

317 369,18

393 350,7

399 309,1

347 393,91

330 389,7

361 971,3

3351q.311‚3

3331q.413,11

374 957,1

399 416,97

39433.369,10

414 846,4

499 389,99.490,11

49833.940,19.983,11

494 346,17

49733.340,91

43933.334,33

43433.49,99

438 400,13

90*

 

