376

448. xxx
828, 28

(Epodis. cf· 107, 26)

INDEX AchossvM.
lib. 111

721 103, 6
722888. 159, 32

LVCRE'I'IVS.oiusn0men 732 72,14
interdum cum Lucilii 705 181,3
confusum. es. comm. in 006 94,9

228, 1. 288, 28.
448. 4
aeq. 244, 28

488888. 424, 28
4884 2888
10314q. 484, 28

82 sq. 844, 28. 8284. 448. 4444

379,13
66 88. 411,2
70 88. 508, 37
75 sq. 381, 29
107 205,8
101 115,7
304 408, 25
305 88. 175,5
449 88. 203, 33
470 204,3
571 225, 21
653 184,9
837 184,13

224,12
lib. 11

2 482, 48
48 248, 48

482 888, 22. cs.

00711111.

428 8, 8

288 844, 28
842 sq. 488, 84
848 888, 48
488 488, 8
848 484, 24
848 484, 22

288. 319,12

lib. VI
4888 4884
4488 484, 44

111110. v. 1111301110

4444848448 8484848
448. 444444
488, 48

Mffllvs (vel ‘11140111
488, 24

84 sq. 284, 48. 48844 (in carminibus)

448 288, 48 ·

484, 28

248 sq. 244, 42. 84882 MENANDER.

52888. 453,6
561 173,11
636 05,28
952 218,19
100988. 192,24
121288. 230,12
1242 73,8
125288. 158,10
hh V
7188. 415,31
94 227,21
205 487,2
236 234,2
25588. 203,20
313 225,23
848 48, 4
805 13,7
888 48, 8

081 252,38.408,23, 910 103,22

cs. comm.

888 8848

11141848,8(1,26.41011,22 103ss 457,14

848 4828
888 4884
848 511, 48
44488 442, 44
4888 4;44,8
488488. 4882
444888. 488, 48
4488 2482
4484 288, 24
4488 4488
4448 288, 48
lib. 111

488, 8448, 8. 428, 84
17 440,4.84“.88444444.

82 844, 28
488 888, 4
48888. 424, 8
848 484, 44
884 48, 8
444 488, 2
848 44, 28
848 848, 48

488888, 44, 48
4884 224, 28

4848 44, 8. 4884

4844 88, 28
4884 sq. 888, 48
4288 48, 444
4848 484, 4

lib. VI

448 248, 4
488 484, 4
488 888, 11
244 888, 48
888 482, 28
884 288, 28
828 428, 4
842 488, 48
884 488, 48
44888. 44,8
484 sq. 884, 48
882 484, 4
84888. 884, 24
888 224, 28

42844

(288, 18; 536, 884

387,39
MVNA'PIVS.

221, 7. cs. 8844444

1'.

NAEVIVS (‘ne1111' p
828848 241418 sed de!
ubique relatum. 4441
dum 44844488 pennu
18444 cum ‘Novii ‚ffliv
‘Laevii'‚ 441448, quae
·‘viu11’ exirent).

488, 24, cf. 48488

155, 94. cs. comm

200, 28. cf. 88444444

205,27

284, 28
CarminebelHPom
ffel‘PunoeN}

484, 44

244,4
14141

448, 88

8882

474, 6, cs. 488444
lib. 111

48,8

211, 0. cs. 8848444.
lib. 1111

88, 28

84, 48

488, 48

488, 88
141471

284, 28

325, 8

848, 48

848,4
lib. Vll

474, 1ῖ. cs. 4848444.

444, 28

 

