Aemlffl.n1
QMspfflffiw
228 413,7
241 366,28
Μηωπ
m mam&
267 221,29
263 307,40. 410,29
m mm
290 616,23
. 291 376,28
m mm
317sq.293‚29
320 286,4
321 301,27
323 223,9
326 391,1
326εᾳ.406,23.407,14
468,28
327 297,12
33186.293,34
337 261,21
330 388,37
344 312,43
369 328,29
366ε6.430,7.436,2
367 367,3.364,1
36916.460,14
379 371,1
37816.296,31
387 267,11
391 297,10
393 341,12. cfi
comum
414 341,10
414666.377,7. cfi et
commin 303, 4
377,42
248,27
371,22
mm
462 126,26
460 188,9
472εᾳ.234,29
476 281,1. 280,28
mmmm
487 339,6
483 264,3
489εη.169,22
611 274,7
m ωδ
662 246,1
667 66,2
667 232,35
677 247,17
693 126,27.
130,7. 330,6
373,16. cfi
comm. 362, 32.
cf. comm.
461,8

426
428
429
446

INDEX AVCTORVNL

Aemlffi.ss1
64sssq.333,11
65lsq.3³5‚21
658 360,1
663εᾳ.447,16
677 261,1
079 422,23
699εη.373,27

ΑεαΙὼ.ΠΠ
cs. comm. in 328, 9

6 336,34
29 317,23
60 424,20
61 326,6
63 264,29
66 390,37
61 266,27
7066.243,13
82 344,30
88sq.528‚28
107sq.259,l3
131 369,16
1Μη3η4
133 262,30
136 304,06.426,30
137 639,6
14916.387,1
16666.240,36
168 401,26
170 305,26
183 60,3
196 377,16
203 241,34
210 326,23
21166.366,39
213εᾳ.282,6
216εᾳ.406,26
21766.306,20
226 419,3
23086.363,31
247 263,18
261 422,26
262εᾳ.272,31.369,23
266 321,32. 414,33
262 240,24.’641,6.
649,16
26666.106,22
27416.397,12
278 417,6
283sq.80‚23. 242,16
ΜηΜῌ6ὥά
comm. in 290, 14
296 306,26
310 441,23
317 344,23
318 300,9. eficomm.
3202q.367‚16
3232q.378‚33
357sq.289‚26
369 319,30
363εᾳ.463,18

Aen.fib.1fl[

aeesq.285‚2
382sq.398,15
404sq.197‚19
407 261,36
416 296,1
42166.32,6.260,26
423 340,34
424 463,26
463 323,33
467εᾳ.464,12
462 194,2
473 30,18
476 286,22
476εη.291,26
466 220,7, 404,34
626 463,21
653 196,3
669 202,22
600 “ 283,1
666 307,38
667 603ς20
672εᾳ.304,6
608 328,31
614 466,34
616 14,27
62216.296,2
639 328,36
66116.487,34
670 221,24
677εᾳ.399,3
697 626,18
698εᾳ.276,26
Aen. 111). V

16 273,20
2116.386,7
2666.374,18
60 287,24
67 242,21
73 349,6
77 646,16
Thqfflzw
84 191,16
87 364,22
8786.430,22

272,10. cfi
00111111.

111
113
116
122
135

366,7

249,4

636,22
329,28
364,24

136 329,1

137 328,37.329,32
137εᾳ.300,34
16266.270,13
162εηᾳ.381,15
154sq.282‚81. 411,7
162 290,10

176 101,14

180 394,28

 

