356 1113142 1132513211.

fuere corruptelae, oon· Eurysace Myrmidonibus (‘1
ferendi commentarii. 3238 midonibus', ‘mira
’15, 28 341, 14 nibua')
153, 33 355, 10 133, 23
158, 6 356, 16 120, 30
1532 4435 , 132, 33
132, 5 445, 3 234, 3
200, 16 445, 10. aed of. comm. 261, 21
230, 27 495, 19 262, 14
342, 15 433, 32 335, 35
33325 55325 4332
425, 25 512, 25 531, 34
47211 522, 22 Neoptolemo (13,
Epinaueimoohe Medea ‘Neoptolemo')
313 135 2323
3, 23 15, 3 254, 11
- 11334 1313 2535
1533 335 2333
132, 2 33, 5 341, 32
222, 22 153, 13 424, 1
23324 12325 45313
256, 36 237, 42 433, 12
251, 13 332, 21 5333
332, 13 323, 12 535, 3
41310 3625 Nyolegreeia (‘ne
485,16 422, 30 gresie', ‘nictegrer
435, 21 467, 21 ‘nyctegreeeia' eim,
533, 1 432, 32 155, 15
519, 8 504, 10 227, 25
Erigone. eoepine heeo Melanippo(‘menalippo’ 315, 21
fabula eonfneaoumEpi- saepe edd.; 154, 14 ‘me 336, 31
genie. conferendi eom· nalippa’) 307, 5
111311115τὶ1. 15, 23 184, 8
15, 4 35, 4 435, 35
232 154, 14 553, 5
35, 13 213, 1 503, 2
153 25 233, 22 535, 13
185,13 234, 22 Oenomao
226, 22 349, 2 15, 20
223, 15 435, 31 23, 24
315, 3 535, 12 123, 23
341, 31 521, 2 235, 1
403, 21 Meleagro 231, 4
433, 2 15, 25 352, 12
Eurysace (‘eureeace', 33,5 307,13
‘eurieaoe', ‘eryeooe’ 12,3 395, 20
sin.) 111, 35 453, 3
5, 23 1133 432, 25
12, 4 124, 35 455, 5
14, 25 15313 Pelopidis
15, 4 134, 31 132, 31
22, 35 232, 25 121, 11
111, 4 3335 452, 25
123, 22 353, 3 435, 33
184, 20 311, 18 Philocteta (filoctet
1331 336, 23 ‘filootita' sin. cdd.)
225, 34 423, 23 15, 25
235, 24 432, 22 31, 4
255, 13 433, 11 123, 32
25323 433, 12 313, 2
252, 12 5532 323, 15

 

