INDEX AVCTORVM. 367

Timaeo lib.l idem subinde in 31113
cap. 2 30, 20 410,10 invenitur)
cap. 0 103, 20 430, 22 22, 22

(Arateis) 333, 23 30, 23

210 3432 lib. ΙΙ. 0100111111111 32,10. 41, 38
111. Libri qni peri· 3313 43,6
erunt. 33, 22 Ι 31, 32

33, 4 313, 4 100, 0

130, 14' 233, 24 113, 30

330, 4 331, 10 133, 3

s. 43311. ef. 000101. 344, 23 131110

Orationes. 380, 33 1111, 33

cornelianae 3031· 133, 11

lib. 11 403, 13 134,13

188, 33. 311101. comm. 039, 3 301, 33
pro Gallio. 01. comm. lib.111.cf.comm.in133,23. 304,11

03, 10 320, 30 210, 14
pro Manilio 43311 13313

434, 23. es. comm. 311 Calvum 240, 33

E,¹'¹⁸.¹¹¹¹'‘¹⁰‚· cf. et l. d 6469111 {⁴13ssss
Epmtuhs ' ³113p1235⁸1¹¹tn4 3) 101, 13 1ἔ1ζῐο

lib H Ι1311111.1111,10,1) 201,11 233, 23

¹⁰⁹· ¹⁰ 11ῗέ11111. XV, 13, 3) 1130 100, 13
33011311111131301111· ad M. 0110111111 (111] 11030
10 138, 11. om. 433, 31). 211, 31
, 111311 433, 31 114,4
¹¹¹³· ¹„ 1311111. XV, 3, 2) 313, 33 113, 34

110, 19 1311111 xv, 4, 2) 234, 33 234, 30

1371ἳῦ 311 Curionem 338, 3

³0⁵. 11 (Epist. 11, 3) 103, 13 233, 22

11111 111 0111311111 131, 13

31114. (Epist. 11, 14, 0) 411, 1 333, 1

3³⁶· ‘¹¹ 111 111111 m 300, 33

³09, 39 1111. 11 301, 1
, 111,.13 31011 313, 34
¹¹¹¹· ¹¹ ad Hirtium 313, 23

11, 15· 311111· 111311· 113, 14 31011
.. 3¹⁰.¹²3 lib. 11 33114
¹¹⁰· ¹¹¹ 204,13 320, 0

1111, 12 lib. V 320, 21

136111-11111101111· 31, 34 331, 30
011 Caesarem iunio· 11111111 331, 311
101111100111113111113333. 433, 20 3311, 3

330, 21 lib. 11111 343, 10

303, 33 400, 3 330, 1
lib. l 1111 Pansam 304, 31

3333 lib. 1 311, 13

333, 33 13013 311, 13 ’

333, 33 003, 14 333, 10

100, 1 00. 111 334, 21

303, 3 02, 10 330, 30

203, 13 311 Pompeium 331113

233, 30 00. 1111 31111, 11

1311 (11113111011111, 111), 3) 333, 11

333, 33 203, 31 330, 31

300, 13 (ibid. 3) 203, 30 303, 13

311, 0 hibri 110 philonophia. 393, 33

33033 Hortensio (‘0rtensio’ 401,]11

333, 3 33311311, inde 3 311, 10. 401, 33

311 Axium

 

