402
06618.Η6.Η

177εᾳ.323,6
179 346,2
180 411,26
18646.288,19
187 336,6
196 206,4
209 426,33
209sq.461‚18
213 421,3
222 600,30
226 276,32
230 263,8
234εᾳᾳ.392,11
26646.311,6
27446.137,13
27646.326,9
288 302,10.463,29
293εᾳᾳ.626,20
30646.622,9
308sq.380‚23
316 380,30
336 299,27
34446.200,2.910,23
326,12

346 366,36
34636.148,19
361εᾳ.418,14
364εᾳ,467,28
363sq.340,8
368 403,4
36946.296,8. 303,20
371 412,7
372 114,1

486,7
376 442,12
38056.271,33
382 196,6
386 390,33
387 319,10
400sq.337‚1
461 384,28
404 320,3
46661. 241, 17
406sq.462,4
407 308,23.369,23
412 336,10
417 30,6
426 478,22, cfi

comvn

441 233,34
447εᾳ.462,28
444 413, 23
449 194,21
470 347,7
471 333,9
472 433,16
486466.78,21
40646.312,18
608εᾳ.318,32
620 340,36

INDEX AVO‘PORVM.

Georg. lib. ΙΙ

524 207, 5. 440‚3

Georg. fib.1ss

6 336,12
13 368,6
13εᾳ.367,21
Π 0327
26 637,16
36εᾳ.236,19
37εᾳ.390,20
41 347,1
42 237,17
42sq.33‚19. 336,39
49εᾳ.347,21
filsq.411‚14
63 377,40
64 339,1
66 30,8
69 420,20
62 206,9
63 389,1
63εᾳ.433,19
64 348,17.390,31
73 390,8
76 368,24
80 239,19.361,12
81 481,8
82εη.247,26
84 391,23. 191,7.
347,31
86 327,27
92εᾳ.368,16
104 313,7
Μω3ηῃ
116εη.296,21.106,24
117 330,18.391,10
119 240,34
126 464,31
138 384,32
139 291,32
14146.262,14
14346.387,7.389,26
631,21
168 364,20
166εη.340,11
16846.234,37
170 326,17
171 406.14
1Πω3ωώ
176 187,2
17646,312,12
184 266,11
186 60,22
190 291,20
191 262,17
19186.317,1
19746.284,17.176,11
201 308,4
204 628,1
214 266,14
215sq.252‚11

Georg.hh HI
217=q.401‚14
218 286,34
221 337,17.46619.

6033664. mmm.

222sq.418,6
223 79,7
226 12,8
Μη3ἢ6
228 12,10
22946.368,21.444,Η
232εᾳ,412,32
242466.446,8
mh 4ΜΛ
263 418,37
268εᾳ.286,16
270 389,3
27846.409,13
28946.418,24
297εᾳ.389,17
299 411,12
310 341,2
314 631,26
317 314,2.339,6
323 348,16
326 262,21
326 411,19
329εᾳ.218,36
331 247,9
336 411,32
336sq.231‚31
343 326,36
347 312,22
354sq.325‚31
361 469,23
363εη.380,36
364 272,12
377εη.446,16
384 212,17
38946.368,26
403 368,8
40646.241,11
413 364,34
416 316,6
420 262,44
421 466,29
43046.242,26.32614
431 298,10
434 244,6. 296ὶ3
437εᾳ.467,9.468,6
439 348,4
447 389,36
448 409,36
46346.436.2. 46916
46846.30,14
470 3804. cs. comm.
fflmssmss
613 ’ 371,31
617 331,2
622εη.418,3
ΜΜ6Μ46

 

