382

Aulularia
31,3,31 342,3
3, 1 131,11
20 431,11
23 sq. 433, 2
21 33,1
23 003,3
31 212,3

INDEX AVCTORVM.

Captivis

1,2,32 133,2
2,01 432,3
11,3,33 333,11
10 312,23
13,4,31 131,3
103 33,11

122 133,31

214,11 3, 3 1,24

33 213,22
310,3
310,21
233,12

2,13 313,23

leq. 7, 26
14 sq. 33, 13
32 4226
39 sq. 143, 11

106 sq. 143, 14

313,23 3111, 2 143‚3

3, 1 433,3
2 13,13
4‚13 333,1
21 313,33

30 311,31
133,1 ,

32 17221
3, leq. 43,13
830. 333,13
7, 1 3228
3 23227
10 223, 32
8, 13111327
3 138, 27
8 284,7
3,11 487, 22
13, 2 136, 22
13 210,10
44 sq. 123, 1.

203,23 110,4, 3
34 103,20

33 231,11
ν,1, 0 31,33

2,13 332,13
32 12,23
13 134,10
34 333,2
v,4‚ usq.131,33
12 231,11
Carbonaria
221,13
Casino
1 41 113,23
ΙΙ, 2, 3 3, 22
3,2333.333,ι3
23 133,1

43 7,10.308,11.
cf. comm.

6, 41 334, 27
8, 'l 145, 12

62 110, 'l
31,3,22 133,33

7,3,10

33, 22. cf.
comm.
336, 37. cf.
001001.

Cornicula
ι31,23
134,34
14222
220,13
Curculione
1‚1‚ 3 431‚13
13 133,10
2, 4 3,3
31 310,13
11 ι,13 213,1
3,11 33,14
40 33l,28
34 313,10
33 213,11
111, 34 2323
113,1, 2 120,3
7,2,13 3,13
3,12 332,3
13sq. 133,10
Epidico
1,1,31 10,3
33 213,20
Ι233 133,2
43 303,10
49 8, 15
ll 2, 1 102,31.11213
3 134,11
33 333,10
40 313,22
43 333‚13.33333
47 540, 1. 540, l.
313,31
43 539‚17.3313
310,13
43 340‚3334334
313,31
113 333,23

Bacchidibus(sucp3‘h', 11031114,Ξί2130100000. 111, 3, 33 234, 33

interdum ‘c’ 001.)
3,2
102,1
112,23
113,1
333,33
331,3
312,23
421, 13
474‚33
1, 1, 1333, 2121
111, 1, usq. 73, 3
3,11 13,30
4‚13 222,3
131,1,23 413,20
31 33,23
3,2233.3,12
Captivis
220,11
1,1,13 131,11

comm.

Cistellaria
33,21
12,21
103,13
134,13
100,3
133,23
413,13
123,11
4321. cf. comm.
433,33
ll, ⁶2, 3 103, 20
131,1, 3 34‚14
2,34 111,13
Colace
343‚13

,Cornicula (vel ‘Corui-

34 433‚33.seu 33‚13)

cf. comm.

33,13

pust V, 4, 13 30231101. 1111,1, 13 473,11

13 133,30
32 433,21
2,12 103,1
ν,1, 3 3,23
113,1
Friuolaria
33,23
Medico parasito (11101
‘pau' 11011 add. niu
300, 12331, 4. ubi 1113·
11113 auctor Nouii ‘Pau
silo medico’, sicul ‘Mac-
cus miles', ‘Pappus

agricolo'‚ similia. cet.
cf. comm. 10202131

31,3

200,12

334, 3. cs. cunm.
cularia'. 01. 0011101. in 331,4

11000030113. 1111301113
oportuit, per ‘e’, 1101,

 

