Ἰ 127

Q

Aealffi.1
448 310,86
452 262,1
45546.347,18
458 388,14
467 364,32
477sq.410,9
480 370,11
490 555,7
505 58,10
50766.244,11
508 412,30
534 198,21
536 231,21. 460,23
546εᾳ.415,28
54865.254,40
502 890,35
56956.340,6
574 282,25
576εᾳ.286,22
587 236,7
589 440,18. cfi
comm. 459, 7
53056.320,5. 340,37
54066.436,15
648 538,5
508 328,4
689 375,25
Μω2π2
70366.247,36
704 58,22
712 401,1
718sq.311‚35
72036.183,29
724 545,25. σί
covnn
73Ssq.319‚l9
749 339,7
11θη.115.11
3 50,9
15εᾳ.452,14
29 410,22
3sssq.400‚20
51εᾳ,103,21.307,18
m ww
54 253,30
55εᾳ.240,4
70 “ 378,30
79εᾳ.309,5.417,2
89εᾳ.310,25
95 362,26
98εᾳ.230,21
114εᾳ.385,24
115 409,29
303,21
406,27
132 522,7
144 302,24
145 472,21
145εη.336,15.350,24
153 300,4. 404,24

131

INDEX AVCTORVM.

Aemlffl.u

QOw
m ΜΛ
m mu
Mmmm
mmmm
207sq.332,23
m mss
m ww

*mmmm

229sq.303‚l

236sq.329,3

Wmssffi3

239 268,7

247 275,7

250 380,20

250556.328,21

252 312,34. cfi
comnu

286,14

272,3

404,10

350,29

262

255

277

280

290

304 390,9

311sq.240‚1ss

323 421,5

324εᾳ.401,33

32086.307,15.425,27

341 36,18

35615.291,14

373εᾳ.441,26

374εᾳ.302,97

379sq.365‚32

380 353,18

393 71,8.244,17

390 143,29

whsp2wst5

401 249,23

405 410,30

407 380,31

420sqq.313‚3

426sq.266,4

452 420,35

453 335,0

458 294,18

471 201,19

475 448,19

478 328,13

482 459,18

491 420,33

491sq.39ss,32

493 202,15. cfi
comum

496sq.296‚22

504sq.391‚14

524sq.384‚7

531 294,21

541εᾳ.267,20

547εη.381,24

548sq.409‚0

Aen. lib. 11
bbosq.412,27
553 377,38
558 354,16
562 403,26
017εᾳ.385,4
532εᾳ.296,38
537 372,24
53866.224,5
04216. 388,39
652 403,20. cfi

comm.

384,30

297,18

078 439,8

702 387,29

70386.251,4

715 378,40

717 254,1

734 196,21, 348,10

750 391,44

753εᾳ.350,3

77256.329,8

055
057

amnmfflAmmffi

w mss

,π mh

27sq.335,7

5066.348,37
52 215,31
67 397,32

s fissq.435‚27

ω ma
fflfflmw
Π mm
ffi mam&
5 mmmm
m mu
m mm
m mm
mmmm
m ΜΝ

m mm

· 142 395,10

m mm
145sq.413‚1
161 cs. comm. in
wa
mm
mm
waww
cs. testim.
251,2
m ΜΛ
m m&
mmmm
205sq.236,28
m mss
Qwff
comm.
209sq.387‚2⁶
mmfflw

170
180
182

188

 

