3&

lib. 1111
49459
9159
lib. V
§37Qm=
4959
955
0991

10 333, 5, cs. comm.

9159
11959
10959
91995959

955959

55959
51959
9491
50959
04959
9199
9195
10959
195959
de legibus
110, Ι
59399
9199
de officiis
lib. l
550959
93919ῃο
959
9399
91991
15959
91990955
11959
91990
03959
00959
01959
93991959
471, 2¹5
00950959
959
91 155
ffl2mst7
91959
90959
91959
90959
19199
116 359, 23

919590990

9099
91959
191991959
91959
909594991
90991959
90959159

INDEX AVCTORVM.

lib. I

190951959
90959

191995959

143 30, 1

146 358, 29. 234, 19

91959

149 359, 27. 519, ³3

90991959
91959

lib. 11

1 1951959

9591995
cs. com-m. 368, 31

3959
4959
5959
01991959
1959
9199
44959
91995
9199999
9190
11959
11959
9199099
10959
9499
10959
30955959
91990951
40959
91991951
15959
45959
51951959
51959
5599
91990
9355959
9199
9159
11959

lib. ΙΙΙ

511991951
1959
4959
0959194
94991

unul
199599

30 413,4
38 90, 3. 330, 7.
385, 37
39 308, 30. 300, 31
40 354, 31
43 355
43 344,31.361,3
45 380, 30. 484, 33.
38510
48 383, 35. 349, 33
49 4095
50951959
3059
54 3153115513
91995959
59 31154
9491
63 138,0
05 3757
00 147, 38 34535.
cl'. comm. 371, 4
08 361519
78 310, 33
’74 303, 33
75 310,7
355, 37. 304, 4
94995959
11959
79 3853
91991
81 300,1. 39531
91990951
91991
10959
00959499
91991
9499154
959
94910959
1990959
05959
91959
109 0813. 05000111.
112 105, 4. 2¹10, 10.
etl comm. 348, 33.
338, 3. cs. comm.
9593991
19199

11 38515. 35090 117 109, 4, ¹201‚31

11 110,0.380,11

118 41. 25

13 333, 31. 37513 110 amicitia

9399199

94991959

959
9190
11959
91995
9159

94991959

4949Λ

10959
11959

de uenectute (in quarto

otissimum eapite 9-

ibitus)

51959
4199

 

