4OE

Aen.fib.v]nn

431sq.243‚29
435sq.338,25
436sq.341‚7

442sq.459,4
469 406,9
476 998,30
436εᾳ.379,34
48736.364,99
mmm&
503sq.329‚25
505 943,30
608 379,94
610 666,1
548 664,91
553 555,31
559sq.329‚18
bssOsq.294‚ll
57sssq.403‚14

07 9006060

50 mam
090300
09 3001
04 303

me 30065008

617 3‚18
641 341,35
666 389,90
fflb Ὴ97
690 968,17
705sq.555,14
709 196,93
759 417,90
76386.413,7
810sq.386‚10
8151η.387,4
Aenlffi.x

47 39396.0460000
00.0900006
090

78 199,97

79 439,11
107 404,8

ln 000
100900

149 937,34
153sq.311‚19
169 ’ 666,91
176 375,98
196 609,97
210sq.377,35
911 636,94
933 389,99
943 949,8

0009009300

04 400,090
006900
90 040
0004005
au 0600003 90 000

090 90 060

INDEX Achofl-VM.

Aen.lih X

Aem fiu.xl

399 328,9.cficonwm. 956 343,98

338sqq.376‚36
359 946,11
371 939,6
375εᾳ.365,99
377 966,16
309 904,0
396 348,9
439sq.403,17
454sq.434‚15
467 391,49
499 344,91
405εᾳ.365,7
601 993,7
509 389,98
513sqq.240,30
bl4sq.391‚4
531sq.370,29
561uq.376,22
677 409,34
58οεᾳ.949,3
687εᾳ.934,39
694εᾳ.396,9
69586.937,99
636 466,16
644 31,98
668εᾳ.983,17
709εᾳ.935,96
706 199,16
718 414,16

ΏΗο057Η39
0606006
cfi omnm.

730 380,11
739εη,986,96
744 998,17
769 979,96
77056.349,10
794sq.381‚32
798sq.403,35
811 380‚8

814sq.313‚12. 339,7

898 383,19
879 490,13
899 406,36
502sq.29,14
893 995,19

04 9093006
οο 30064003
Αεη.Η6.ΧΙ

94εᾳ.464,96
24sqq.466‚33
33 943,8
64 999,11
61 388,6
68ΒἿ.338,99

85 9006090

211sq,380‚12

967 365,19
983εᾳ.996,11
3062q.304,14
320sq.250,48
39366.379,1

33Ιεᾳ.360,19
338sq.311,13
345 497,14
366 933,36
406εᾳ.309,93
494 419,19
49656.380,41
454 497,16
491 379,14
499 913,9

Μωῳ3ωμ4
599 966,19
641 437,18
615εᾳ.998,96
639 339,3

ew 060 ·

οο 400

09 900.060

690sq.376,25
vobsq.³06‚11
714 199,18
791 199,99
746 369,6
750 996,96
775sq.541,15
7790q.302,15
785sq.250,5
803sq.453‚13
fflhspaezss
893 377,33
893εη.968,99

Αο010.ΧΗ
cfi comum in 406,39

Μο08Ὴ
3 459,19
9 99,90
16 409,15
17 950,51
19 371,9
95 430,9

003004030

59εᾳ.339,96
6636.390,90
71 940,99
79εη.357,93
89 374,7
86 900,14
133 950,46
Μο9ηω
184 960,39
986 379,99

0003003 ’

996 317,33

9051069300

 

